6248462337
0551344258
0550210690
0550732697
0562399871
0562399871
5537029385
0554361926
0562026825
0562319011
5478363756
0559881813
0562319011
6726578011
0549853469
0562041482
6973513004
0562022751
5755576743
0562040722
0550619284
6346290906
0557164792
0556826556
6679409291
0562041293
0550535850
6229352009
0549043971
0562467203
5478363756
0550381389
6321391184
0557424086
6513808553
0558642858
5384571875
0558823670
5498587650
6174457018
0556826484
0550333905
6362027754
0562036722
0562022751
0562061288
2025800568
2025360439
0553232549
6225501749
0562358372
0554948237
6029404380
0562132032
7090518369
1897721410
0562280361
5933998731
0557104684
0562378334
6383731608
0540941249
0542631178
5969958678
2053903088
0557139296
6122326333
5961623948
0542583705
0561542373
5737874350
0557550841
1496143418
0562201554
5969958678
0542631178
0561542373
0558034208
0550431529
0562292574
0559747038
0552906063
5973960093
0562404568
5453341460
5737874350
5813081202
0562467203
5086561096
0562201554
0557550841
1496143418
5498587650
5415356215
